Data:
184 87 178 116 194 136 187 93 50 22 163 28 91 60 164 127 141 27 173 137 12 169 168 30 183 131 63 124 68 136 130 3 23 59 70 168 194 57 12 43 30 174 22 120 185 138 199 125 116 171 14 127 92 181 157 74 63 171 197 82 106 126 85 128 137 106 47 130 114 58 125 96 183 146 15 168 35 165 44 151 88 9 77 179 189 185 4 52 155 200 133 61 77 169 140 13 27 187 95 140 

Height: 12
Number of Nodes: 100
Root Data: 184

Preorder: 
184 87 50 22 12 3 9 4 12 14 13 15 28 27 23 22 27 30 43 30 35 47 44 60 59 57 52 58 63 61 68 63 70 74 82 77 77 85 178 116 93 91 88 92 106 96 95 106 114 136 127 124 120 116 125 126 125 131 130 127 128 130 133 163 141 137 136 138 137 140 140 157 146 151 155 164 173 169 168 165 168 168 171 169 171 174 183 181 179 183 194 187 185 185 189 187 194 199 197 200 

Inorder: 
3 4 9 12 12 13 14 15 22 22 23 27 27 28 30 30 35 43 44 47 50 52 57 58 59 60 61 63 63 68 70 74 77 77 82 85 87 88 91 92 93 95 96 106 106 114 116 116 120 124 125 125 126 127 127 128 130 130 131 133 136 136 137 137 138 140 140 141 146 151 155 157 163 164 165 168 168 168 169 169 171 171 173 174 178 179 181 183 183 184 185 185 187 187 189 194 194 197 199 200 

Postorder: 
4 9 3 13 15 14 12 12 22 23 27 27 35 30 44 47 43 30 28 22 52 58 57 59 61 63 77 77 85 82 74 70 68 63 60 50 88 92 91 95 96 114 106 106 93 116 120 125 126 125 124 128 127 130 130 133 131 127 136 137 140 140 138 137 155 151 146 157 141 165 168 168 168 169 171 171 169 174 173 164 163 136 116 179 181 183 183 178 87 185 185 187 189 187 197 200 199 194 194 184 
